Bigeye Mahi BlueShark Skipjack Yellowfin Albacore StripedMarlin Wahoo Swordfish BlueMarlin Lancetfish Opah
1950 12.5005985788539 23.951764502323 12.5005985788539 12.5005985788539 12.5005985788539 12.5005985788539 23.951764502323 23.951764502323 12.5005985788539 23.951764502323 12.5005985788539 12.5005985788539
1951 12.4633645757448 23.8780389739552 12.4633645757448 12.4633645757448 12.4633645757448 12.4633645757448 23.8780389739552 23.8780389739552 12.4633645757448 23.8780389739552 12.4633645757448 12.4633645757448
1952 12.5757834325774 24.1033189118727 12.5757834325774 12.5757834325774 12.5757834325774 12.5757834325774 24.1033189118727 24.1033189118727 12.5757834325774 24.1033189118727 12.5757834325774 12.5757834325774
1953 12.5452179354307 24.0429452299289 12.5452179354307 12.5452179354307 12.5452179354307 12.5452179354307 24.0429452299289 24.0429452299289 12.5452179354307 24.0429452299289 12.5452179354307 12.5452179354307
1954 12.4957221927931 23.9422323692456 12.4957221927931 12.4957221927931 12.4957221927931 12.4957221927931 23.9422323692456 23.9422323692456 12.4957221927931 23.9422323692456 12.4957221927931 12.4957221927931
1955 12.3901724058611 23.7303524758794 12.3901724058611 12.3901724058611 12.3901724058611 12.3901724058611 23.7303524758794 23.7303524758794 12.3901724058611 23.7303524758794 12.3901724058611 12.3901724058611
1956 12.4333605595278 23.8167728920424 12.4333605595278 12.4333605595278 12.4333605595278 12.4333605595278 23.8167728920424 23.8167728920424 12.4333605595278 23.8167728920424 12.4333605595278 12.4333605595278
1957 12.4245054876783 23.7997608132762 12.4245054876783 12.4245054876783 12.4245054876783 12.4245054876783 23.7997608132762 23.7997608132762 12.4245054876783 23.7997608132762 12.4245054876783 12.4245054876783
1958 12.4800951853084 23.911937967204 12.4800951853084 12.4800951853084 12.4800951853084 12.4800951853084 23.911937967204 23.911937967204 12.4800951853084 23.911937967204 12.4800951853084 12.4800951853084
1959 12.3733442362885 23.6990564596091 12.3733442362885 12.3733442362885 12.3733442362885 12.3733442362885 23.6990564596091 23.6990564596091 12.3733442362885 23.6990564596091 12.3733442362885 12.3733442362885
1960 12.4108966552241 23.7726276380188 12.4108966552241 12.4108966552241 12.4108966552241 12.4108966552241 23.7726276380188 23.7726276380188 12.4108966552241 23.7726276380188 12.4108966552241 12.4108966552241
1961 12.4327540833891 23.8167769500573 12.4327540833891 12.4327540833891 12.4327540833891 12.4327540833891 23.8167769500573 23.8167769500573 12.4327540833891 23.8167769500573 12.4327540833891 12.4327540833891
1962 12.4913598316176 23.9340406065218 12.4913598316176 12.4913598316176 12.4913598316176 12.4913598316176 23.9340406065218 23.9340406065218 12.4913598316176 23.9340406065218 12.4913598316176 12.4913598316176
1963 12.3072351763166 23.5658669060246 12.3072351763166 12.3072351763166 12.3072351763166 12.3072351763166 23.5658669060246 23.5658669060246 12.3072351763166 23.5658669060246 12.3072351763166 12.3072351763166
1964 12.2480365948021 23.4459990724696 12.2480365948021 12.2480365948021 12.2480365948021 12.2480365948021 23.4459990724696 23.4459990724696 12.2480365948021 23.4459990724696 12.2480365948021 12.2480365948021
1965 12.3588695676959 23.6684567933236 12.3588695676959 12.3588695676959 12.3588695676959 12.3588695676959 23.6684567933236 23.6684567933236 12.3588695676959 23.6684567933236 12.3588695676959 12.3588695676959
1966 12.3779610829963 23.7061125871584 12.3779610829963 12.3779610829963 12.3779610829963 12.3779610829963 23.7061125871584 23.7061125871584 12.3779610829963 23.7061125871584 12.3779610829963 12.3779610829963
1967 12.4519812139658 23.8531649332736 12.4519812139658 12.4519812139658 12.4519812139658 12.4519812139658 23.8531649332736 23.8531649332736 12.4519812139658 23.8531649332736 12.4519812139658 12.4519812139658
1968 12.3471100436555 23.6424628705652 12.3471100436555 12.3471100436555 12.3471100436555 12.3471100436555 23.6424628705652 23.6424628705652 12.3471100436555 23.6424628705652 12.3471100436555 12.3471100436555
1969 12.3375760453162 23.623518256385 12.3375760453162 12.3375760453162 12.3375760453162 12.3375760453162 23.623518256385 23.623518256385 12.3375760453162 23.623518256385 12.3375760453162 12.3375760453162
1970 12.3855683244233 23.7195428563784 12.3855683244233 12.3855683244233 12.3855683244233 12.3855683244233 23.7195428563784 23.7195428563784 12.3855683244233 23.7195428563784 12.3855683244233 12.3855683244233
1971 12.4025643056463 23.7533943168175 12.4025643056463 12.4025643056463 12.4025643056463 12.4025643056463 23.7533943168175 23.7533943168175 12.4025643056463 23.7533943168175 12.4025643056463 12.4025643056463
1972 12.5018522839247 23.9515044636121 12.5018522839247 12.5018522839247 12.5018522839247 12.5018522839247 23.9515044636121 23.9515044636121 12.5018522839247 23.9515044636121 12.5018522839247 12.5018522839247
1973 12.3565088825945 23.6601551528891 12.3565088825945 12.3565088825945 12.3565088825945 12.3565088825945 23.6601551528891 23.6601551528891 12.3565088825945 23.6601551528891 12.3565088825945 12.3565088825945
1974 12.3333701233173 23.6132056774092 12.3333701233173 12.3333701233173 12.3333701233173 12.3333701233173 23.6132056774092 23.6132056774092 12.3333701233173 23.6132056774092 12.3333701233173 12.3333701233173
1975 12.2676480804029 23.4805035717881 12.2676480804029 12.2676480804029 12.2676480804029 12.2676480804029 23.4805035717881 23.4805035717881 12.2676480804029 23.4805035717881 12.2676480804029 12.2676480804029
1976 12.4109873647435 23.7666836702975 12.4109873647435 12.4109873647435 12.4109873647435 12.4109873647435 23.7666836702975 23.7666836702975 12.4109873647435 23.7666836702975 12.4109873647435 12.4109873647435
1977 12.5554457787213 24.0552019018248 12.5554457787213 12.5554457787213 12.5554457787213 12.5554457787213 24.0552019018248 24.0552019018248 12.5554457787213 24.0552019018248 12.5554457787213 12.5554457787213
1978 12.4943884573896 23.932661251073 12.4943884573896 12.4943884573896 12.4943884573896 12.4943884573896 23.932661251073 23.932661251073 12.4943884573896 23.932661251073 12.4943884573896 12.4943884573896
1979 12.4372073591768 23.8183556021497 12.4372073591768 12.4372073591768 12.4372073591768 12.4372073591768 23.8183556021497 23.8183556021497 12.4372073591768 23.8183556021497 12.4372073591768 12.4372073591768
1980 12.2850806537609 23.5130692565397 12.2850806537609 12.2850806537609 12.2850806537609 12.2850806537609 23.5130692565397 23.5130692565397 12.2850806537609 23.5130692565397 12.2850806537609 12.2850806537609
1981 12.4550861972144 23.8525407890313 12.4550861972144 12.4550861972144 12.4550861972144 12.4550861972144 23.8525407890313 23.8525407890313 12.4550861972144 23.8525407890313 12.4550861972144 12.4550861972144
1982 12.4318937027271 23.8053608990542 12.4318937027271 12.4318937027271 12.4318937027271 12.4318937027271 23.8053608990542 23.8053608990542 12.4318937027271 23.8053608990542 12.4318937027271 12.4318937027271
1983 12.3075747047707 23.5552028911933 12.3075747047707 12.3075747047707 12.3075747047707 12.3075747047707 23.5552028911933 23.5552028911933 12.3075747047707 23.5552028911933 12.3075747047707 12.3075747047707
1984 12.3137709035835 23.567312953273 12.3137709035835 12.3137709035835 12.3137709035835 12.3137709035835 23.567312953273 23.567312953273 12.3137709035835 23.567312953273 12.3137709035835 12.3137709035835
1985 12.3003018973389 23.5390994553373 12.3003018973389 12.3003018973389 12.3003018973389 12.3003018973389 23.5390994553373 23.5390994553373 12.3003018973389 23.5390994553373 12.3003018973389 12.3003018973389
1986 12.4749846250846 23.8870097911187 12.4749846250846 12.4749846250846 12.4749846250846 12.4749846250846 23.8870097911187 23.8870097911187 12.4749846250846 23.8870097911187 12.4749846250846 12.4749846250846
1987 12.3748827170896 23.6855680288493 12.3748827170896 12.3748827170896 12.3748827170896 12.3748827170896 23.6855680288493 23.6855680288493 12.3748827170896 23.6855680288493 12.3748827170896 12.3748827170896
1988 12.3437517136474 23.6222455217815 12.3437517136474 12.3437517136474 12.3437517136474 12.3437517136474 23.6222455217815 23.6222455217815 12.3437517136474 23.6222455217815 12.3437517136474 12.3437517136474
1989 12.5212138529601 23.9766080735733 12.5212138529601 12.5212138529601 12.5212138529601 12.5212138529601 23.9766080735733 23.9766080735733 12.5212138529601 23.9766080735733 12.5212138529601 12.5212138529601
1990 12.542110903453 24.0173286706518 12.542110903453 12.542110903453 12.542110903453 12.542110903453 24.0173286706518 24.0173286706518 12.542110903453 24.0173286706518 12.542110903453 12.542110903453
1991 12.4767582769065 23.8852401830407 12.4767582769065 12.4767582769065 12.4767582769065 12.4767582769065 23.8852401830407 23.8852401830407 12.4767582769065 23.8852401830407 12.4767582769065 12.4767582769065
1992 12.1194623807776 23.1702655402707 12.1194623807776 12.1194623807776 12.1194623807776 12.1194623807776 23.1702655402707 23.1702655402707 12.1194623807776 23.1702655402707 12.1194623807776 12.1194623807776
1993 12.1914231173039 23.31447775959 12.1914231173039 12.1914231173039 12.1914231173039 12.1914231173039 23.31447775959 23.31447775959 12.1914231173039 23.31447775959 12.1914231173039 12.1914231173039
1994 12.3944988066987 23.7207648875425 12.3944988066987 12.3944988066987 12.3944988066987 12.3944988066987 23.7207648875425 23.7207648875425 12.3944988066987 23.7207648875425 12.3944988066987 12.3944988066987
1995 12.5156687485508 23.9616452736635 12.5156687485508 12.5156687485508 12.5156687485508 12.5156687485508 23.9616452736635 23.9616452736635 12.5156687485508 23.9616452736635 12.5156687485508 12.5156687485508
1996 12.5435810574373 24.0159639071077 12.5435810574373 12.5435810574373 12.5435810574373 12.5435810574373 24.0159639071077 24.0159639071077 12.5435810574373 24.0159639071077 12.5435810574373 12.5435810574373
1997 12.4995803693779 23.9269825079564 12.4995803693779 12.4995803693779 12.4995803693779 12.4995803693779 23.9269825079564 23.9269825079564 12.4995803693779 23.9269825079564 12.4995803693779 12.4995803693779
1998 12.4617791425535 23.8500451895216 12.4617791425535 12.4617791425535 12.4617791425535 12.4617791425535 23.8500451895216 23.8500451895216 12.4617791425535 23.8500451895216 12.4617791425535 12.4617791425535
1999 12.5232998519 23.9712938218173 12.5232998519 12.5232998519 12.5232998519 12.5232998519 23.9712938218173 23.9712938218173 12.5232998519 23.9712938218173 12.5232998519 12.5232998519
2000 12.5905138989755 24.105158697812 12.5905138989755 12.5905138989755 12.5905138989755 12.5905138989755 24.105158697812 24.105158697812 12.5905138989755 24.105158697812 12.5905138989755 12.5905138989755
2001 12.6107042927374 24.144255216249 12.6107042927374 12.6107042927374 12.6107042927374 12.6107042927374 24.144255216249 24.144255216249 12.6107042927374 24.144255216249 12.6107042927374 12.6107042927374
2002 12.5877213903081 24.0977322599882 12.5877213903081 12.5877213903081 12.5877213903081 12.5877213903081 24.0977322599882 24.0977322599882 12.5877213903081 24.0977322599882 12.5877213903081 12.5877213903081
2003 12.614606280428 24.1507129715883 12.614606280428 12.614606280428 12.614606280428 12.614606280428 24.1507129715883 24.1507129715883 12.614606280428 24.1507129715883 12.614606280428 12.614606280428
2004 12.6024642465945 24.1255280180135 12.6024642465945 12.6024642465945 12.6024642465945 12.6024642465945 24.1255280180135 24.1255280180135 12.6024642465945 24.1255280180135 12.6024642465945 12.6024642465945
2005 12.6008288493661 24.1207498096825 12.6008288493661 12.6008288493661 12.6008288493661 12.6008288493661 24.1207498096825 24.1207498096825 12.6008288493661 24.1207498096825 12.6008288493661 12.6008288493661
2006 12.5325778831102 23.9830230795042 12.5325778831102 12.5325778831102 12.5325778831102 12.5325778831102 23.9830230795042 23.9830230795042 12.5325778831102 23.9830230795042 12.5325778831102 12.5325778831102
2007 12.6233999540634 24.1642651297238 12.6233999540634 12.6233999540634 12.6233999540634 12.6233999540634 24.1642651297238 24.1642651297238 12.6233999540634 24.1642651297238 12.6233999540634 12.6233999540634
2008 12.7254719773297 24.3682444315043 12.7254719773297 12.7254719773297 12.7254719773297 12.7254719773297 24.3682444315043 24.3682444315043 12.7254719773297 24.3682444315043 12.7254719773297 12.7254719773297
2009 12.6739784498438 24.2654434803303 12.6739784498438 12.6739784498438 12.6739784498438 12.6739784498438 24.2654434803303 24.2654434803303 12.6739784498438 24.2654434803303 12.6739784498438 12.6739784498438
2010 12.6021646134803 24.120830254716 12.6021646134803 12.6021646134803 12.6021646134803 12.6021646134803 24.120830254716 24.120830254716 12.6021646134803 24.120830254716 12.6021646134803 12.6021646134803
2011 12.6901566352034 24.2958511699594 12.6901566352034 12.6901566352034 12.6901566352034 12.6901566352034 24.2958511699594 24.2958511699594 12.6901566352034 24.2958511699594 12.6901566352034 12.6901566352034
2012 12.8574886590356 24.6300732520707 12.8574886590356 12.8574886590356 12.8574886590356 12.8574886590356 24.6300732520707 24.6300732520707 12.8574886590356 24.6300732520707 12.8574886590356 12.8574886590356
2013 12.6924687857364 24.2992585510227 12.6924687857364 12.6924687857364 12.6924687857364 12.6924687857364 24.2992585510227 24.2992585510227 12.6924687857364 24.2992585510227 12.6924687857364 12.6924687857364
2014 12.5139059310712 23.9409473908961 12.5139059310712 12.5139059310712 12.5139059310712 12.5139059310712 23.9409473908961 23.9409473908961 12.5139059310712 23.9409473908961 12.5139059310712 12.5139059310712
2015 12.6289414820581 24.170435079218 12.6289414820581 12.6289414820581 12.6289414820581 12.6289414820581 24.170435079218 24.170435079218 12.6289414820581 24.170435079218 12.6289414820581 12.6289414820581
2016 12.8011027476056 24.5144910974379 12.8011027476056 12.8011027476056 12.8011027476056 12.8011027476056 24.5144910974379 24.5144910974379 12.8011027476056 24.5144910974379 12.8011027476056 12.8011027476056
2017 12.5837589930442 24.0796403572243 12.5837589930442 12.5837589930442 12.5837589930442 12.5837589930442 24.0796403572243 24.0796403572243 12.5837589930442 24.0796403572243 12.5837589930442 12.5837589930442
2018 12.6002941382925 24.1106876308143 12.6002941382925 12.6002941382925 12.6002941382925 12.6002941382925 24.1106876308143 24.1106876308143 12.6002941382925 24.1106876308143 12.6002941382925 12.6002941382925
2019 12.6588658329224 24.2271796104636 12.6588658329224 12.6588658329224 12.6588658329224 12.6588658329224 24.2271796104636 24.2271796104636 12.6588658329224 24.2271796104636 12.6588658329224 12.6588658329224
2020 12.8550149650396 24.6188578265842 12.8550149650396 12.8550149650396 12.8550149650396 12.8550149650396 24.6188578265842 24.6188578265842 12.8550149650396 24.6188578265842 12.8550149650396 12.8550149650396
2021 12.6769382667855 24.2616556547347 12.6769382667855 12.6769382667855 12.6769382667855 12.6769382667855 24.2616556547347 24.2616556547347 12.6769382667855 24.2616556547347 12.6769382667855 12.6769382667855
2022 12.7235004773248 24.3539274962263 12.7235004773248 12.7235004773248 12.7235004773248 12.7235004773248 24.3539274962263 24.3539274962263 12.7235004773248 24.3539274962263 12.7235004773248 12.7235004773248
2023 12.6738132203576 24.2547549218128 12.6738132203576 12.6738132203576 12.6738132203576 12.6738132203576 24.2547549218128 24.2547549218128 12.6738132203576 24.2547549218128 12.6738132203576 12.6738132203576
2024 12.7354361826382 24.3778833755225 12.7354361826382 12.7354361826382 12.7354361826382 12.7354361826382 24.3778833755225 24.3778833755225 12.7354361826382 24.3778833755225 12.7354361826382 12.7354361826382
2025 12.8403610366003 24.5871402889881 12.8403610366003 12.8403610366003 12.8403610366003 12.8403610366003 24.5871402889881 24.5871402889881 12.8403610366003 24.5871402889881 12.8403610366003 12.8403610366003
2026 12.7500967739872 24.4055738263075 12.7500967739872 12.7500967739872 12.7500967739872 12.7500967739872 24.4055738263075 24.4055738263075 12.7500967739872 24.4055738263075 12.7500967739872 12.7500967739872
2027 12.6578340425977 24.2199013864411 12.6578340425977 12.6578340425977 12.6578340425977 12.6578340425977 24.2199013864411 24.2199013864411 12.6578340425977 24.2199013864411 12.6578340425977 12.6578340425977
2028 12.7496172229274 24.4032988146762 12.7496172229274 12.7496172229274 12.7496172229274 12.7496172229274 24.4032988146762 24.4032988146762 12.7496172229274 24.4032988146762 12.7496172229274 12.7496172229274
2029 12.8729327175185 24.6494770883902 12.8729327175185 12.8729327175185 12.8729327175185 12.8729327175185 24.6494770883902 24.6494770883902 12.8729327175185 24.6494770883902 12.8729327175185 12.8729327175185
2030 12.9121093586626 24.7269074786326 12.9121093586626 12.9121093586626 12.9121093586626 12.9121093586626 24.7269074786326 24.7269074786326 12.9121093586626 24.7269074786326 12.9121093586626 12.9121093586626
2031 12.8173744470131 24.5381342428175 12.8173744470131 12.8173744470131 12.8173744470131 12.8173744470131 24.5381342428175 24.5381342428175 12.8173744470131 24.5381342428175 12.8173744470131 12.8173744470131
2032 12.7457249578882 24.3946219749649 12.7457249578882 12.7457249578882 12.7457249578882 12.7457249578882 24.3946219749649 24.3946219749649 12.7457249578882 24.3946219749649 12.7457249578882 12.7457249578882
2033 12.8914040269035 24.6862711731496 12.8914040269035 12.8914040269035 12.8914040269035 12.8914040269035 24.6862711731496 24.6862711731496 12.8914040269035 24.6862711731496 12.8914040269035 12.8914040269035
2034 12.8220147823353 24.5472609745262 12.8220147823353 12.8220147823353 12.8220147823353 12.8220147823353 24.5472609745262 24.5472609745262 12.8220147823353 24.5472609745262 12.8220147823353 12.8220147823353
2035 12.7849736684725 24.4722207738847 12.7849736684725 12.7849736684725 12.7849736684725 12.7849736684725 24.4722207738847 24.4722207738847 12.7849736684725 24.4722207738847 12.7849736684725 12.7849736684725
2036 12.9218699405892 24.7462371519369 12.9218699405892 12.9218699405892 12.9218699405892 12.9218699405892 24.7462371519369 24.7462371519369 12.9218699405892 24.7462371519369 12.9218699405892 12.9218699405892
2037 12.9621438683125 24.8259445294236 12.9621438683125 12.9621438683125 12.9621438683125 12.9621438683125 24.8259445294236 24.8259445294236 12.9621438683125 24.8259445294236 12.9621438683125 12.9621438683125
2038 12.8148204969706 24.5305758310023 12.8148204969706 12.8148204969706 12.8148204969706 12.8148204969706 24.5305758310023 24.5305758310023 12.8148204969706 24.5305758310023 12.8148204969706 12.8148204969706
2039 12.8042071074384 24.5093207616744 12.8042071074384 12.8042071074384 12.8042071074384 12.8042071074384 24.5093207616744 24.5093207616744 12.8042071074384 24.5093207616744 12.8042071074384 12.8042071074384
2040 12.8733158175859 24.648375185535 12.8733158175859 12.8733158175859 12.8733158175859 12.8733158175859 24.648375185535 24.648375185535 12.8733158175859 24.648375185535 12.8733158175859 12.8733158175859
2041 12.9866536368836 24.8749285075828 12.9866536368836 12.9866536368836 12.9866536368836 12.9866536368836 24.8749285075828 24.8749285075828 12.9866536368836 24.8749285075828 12.9866536368836 12.9866536368836
2042 12.8965195602874 24.693321568967 12.8965195602874 12.8965195602874 12.8965195602874 12.8965195602874 24.693321568967 24.693321568967 12.8965195602874 24.693321568967 12.8965195602874 12.8965195602874
2043 12.8922456123429 24.6838376124075 12.8922456123429 12.8922456123429 12.8922456123429 12.8922456123429 24.6838376124075 24.6838376124075 12.8922456123429 24.6838376124075 12.8922456123429 12.8922456123429
2044 12.9110223239713 24.7209639794262 12.9110223239713 12.9110223239713 12.9110223239713 12.9110223239713 24.7209639794262 24.7209639794262 12.9110223239713 24.7209639794262 12.9110223239713 12.9110223239713
2045 13.0137713533951 24.9273298173243 13.0137713533951 13.0137713533951 13.0137713533951 13.0137713533951 24.9273298173243 24.9273298173243 13.0137713533951 24.9273298173243 13.0137713533951 13.0137713533951
2046 12.9102433155872 24.7206661837295 12.9102433155872 12.9102433155872 12.9102433155872 12.9102433155872 24.7206661837295 24.7206661837295 12.9102433155872 24.7206661837295 12.9102433155872 12.9102433155872
2047 12.9723235826429 24.8435775501234 12.9723235826429 12.9723235826429 12.9723235826429 12.9723235826429 24.8435775501234 24.8435775501234 12.9723235826429 24.8435775501234 12.9723235826429 12.9723235826429
2048 13.0827743072423 25.0634362382775 13.0827743072423 13.0827743072423 13.0827743072423 13.0827743072423 25.0634362382775 25.0634362382775 13.0827743072423 25.0634362382775 13.0827743072423 13.0827743072423
2049 13.0815324919279 25.0610127305643 13.0815324919279 13.0815324919279 13.0815324919279 13.0815324919279 25.0610127305643 25.0610127305643 13.0815324919279 25.0610127305643 13.0815324919279 13.0815324919279
2050 12.9353862841878 24.7684232928658 12.9353862841878 12.9353862841878 12.9353862841878 12.9353862841878 24.7684232928658 24.7684232928658 12.9353862841878 24.7684232928658 12.9353862841878 12.9353862841878
2051 12.9460427800868 24.7897135419604 12.9460427800868 12.9460427800868 12.9460427800868 12.9460427800868 24.7897135419604 24.7897135419604 12.9460427800868 24.7897135419604 12.9460427800868 12.9460427800868
2052 12.9167152537875 24.7306928161757 12.9167152537875 12.9167152537875 12.9167152537875 12.9167152537875 24.7306928161757 24.7306928161757 12.9167152537875 24.7306928161757 12.9167152537875 12.9167152537875
2053 12.9873910430878 24.8705587806415 12.9873910430878 12.9873910430878 12.9873910430878 12.9873910430878 24.8705587806415 24.8705587806415 12.9873910430878 24.8705587806415 12.9873910430878 12.9873910430878
2054 13.0762714586129 25.0470106527604 13.0762714586129 13.0762714586129 13.0762714586129 13.0762714586129 25.0470106527604 25.0470106527604 13.0762714586129 25.0470106527604 13.0762714586129 13.0762714586129
2055 13.116300225091 25.1262233468778 13.116300225091 13.116300225091 13.116300225091 13.116300225091 25.1262233468778 25.1262233468778 13.116300225091 25.1262233468778 13.116300225091 13.116300225091
2056 13.1358849847838 25.1640557464948 13.1358849847838 13.1358849847838 13.1358849847838 13.1358849847838 25.1640557464948 25.1640557464948 13.1358849847838 25.1640557464948 13.1358849847838 13.1358849847838
2057 12.8945178392264 24.6803414136913 12.8945178392264 12.8945178392264 12.8945178392264 12.8945178392264 24.6803414136913 24.6803414136913 12.8945178392264 24.6803414136913 12.8945178392264 12.8945178392264
2058 12.8539948517455 24.5981844453038 12.8539948517455 12.8539948517455 12.8539948517455 12.8539948517455 24.5981844453038 24.5981844453038 12.8539948517455 24.5981844453038 12.8539948517455 12.8539948517455
2059 13.043823781188 24.9774091209226 13.043823781188 13.043823781188 13.043823781188 13.043823781188 24.9774091209226 24.9774091209226 13.043823781188 24.9774091209226 13.043823781188 13.043823781188
2060 13.1847058500178 25.2582432165922 13.1847058500178 13.1847058500178 13.1847058500178 13.1847058500178 25.2582432165922 25.2582432165922 13.1847058500178 25.2582432165922 13.1847058500178 13.1847058500178
2061 13.0854489230403 25.0597590023176 13.0854489230403 13.0854489230403 13.0854489230403 13.0854489230403 25.0597590023176 25.0597590023176 13.0854489230403 25.0597590023176 13.0854489230403 13.0854489230403
2062 13.0097016604282 24.9081872491285 13.0097016604282 13.0097016604282 13.0097016604282 13.0097016604282 24.9081872491285 24.9081872491285 13.0097016604282 24.9081872491285 13.0097016604282 13.0097016604282
2063 13.0512681096608 24.9905186013638 13.0512681096608 13.0512681096608 13.0512681096608 13.0512681096608 24.9905186013638 24.9905186013638 13.0512681096608 24.9905186013638 13.0512681096608 13.0512681096608
2064 12.9706385365888 24.8273388818101 12.9706385365888 12.9706385365888 12.9706385365888 12.9706385365888 24.8273388818101 24.8273388818101 12.9706385365888 24.8273388818101 12.9706385365888 12.9706385365888
2065 13.0061953823677 24.8971686012456 13.0061953823677 13.0061953823677 13.0061953823677 13.0061953823677 24.8971686012456 24.8971686012456 13.0061953823677 24.8971686012456 13.0061953823677 13.0061953823677
2066 12.964716888614 24.8125294246963 12.964716888614 12.964716888614 12.964716888614 12.964716888614 24.8125294246963 24.8125294246963 12.964716888614 24.8125294246963 12.964716888614 12.964716888614
2067 13.0012071412894 24.8848905232421 13.0012071412894 13.0012071412894 13.0012071412894 13.0012071412894 24.8848905232421 24.8848905232421 13.0012071412894 24.8848905232421 13.0012071412894 13.0012071412894
2068 13.0955887323158 25.0725747258118 13.0955887323158 13.0955887323158 13.0955887323158 13.0955887323158 25.0725747258118 25.0725747258118 13.0955887323158 25.0725747258118 13.0955887323158 13.0955887323158
2069 13.1624585626368 25.2049292069775 13.1624585626368 13.1624585626368 13.1624585626368 13.1624585626368 25.2049292069775 25.2049292069775 13.1624585626368 25.2049292069775 13.1624585626368 13.1624585626368
2070 12.979836204199 24.8381689943054 12.979836204199 12.979836204199 12.979836204199 12.979836204199 24.8381689943054 24.8381689943054 12.979836204199 24.8381689943054 12.979836204199 12.979836204199
2071 13.0211120742871 24.9190332124278 13.0211120742871 13.0211120742871 13.0211120742871 13.0211120742871 24.9190332124278 24.9190332124278 13.0211120742871 24.9190332124278 13.0211120742871 13.0211120742871
2072 13.034303651731 24.9443785649924 13.034303651731 13.034303651731 13.034303651731 13.034303651731 24.9443785649924 24.9443785649924 13.034303651731 24.9443785649924 13.034303651731 13.034303651731
2073 12.9799378801055 24.8334005810853 12.9799378801055 12.9799378801055 12.9799378801055 12.9799378801055 24.8334005810853 24.8334005810853 12.9799378801055 24.8334005810853 12.9799378801055 12.9799378801055
2074 13.0241242025725 24.9199007179192 13.0241242025725 13.0241242025725 13.0241242025725 13.0241242025725 24.9199007179192 24.9199007179192 13.0241242025725 24.9199007179192 13.0241242025725 13.0241242025725
2075 12.9357839484655 24.7421344902964 12.9357839484655 12.9357839484655 12.9357839484655 12.9357839484655 24.7421344902964 24.7421344902964 12.9357839484655 24.7421344902964 12.9357839484655 12.9357839484655
2076 12.924290232102 24.7182030669472 12.924290232102 12.924290232102 12.924290232102 12.924290232102 24.7182030669472 24.7182030669472 12.924290232102 24.7182030669472 12.924290232102 12.924290232102
2077 13.0645721570168 24.998331351598 13.0645721570168 13.0645721570168 13.0645721570168 13.0645721570168 24.998331351598 24.998331351598 13.0645721570168 24.998331351598 13.0645721570168 13.0645721570168
2078 12.8817697538849 24.6312797306265 12.8817697538849 12.8817697538849 12.8817697538849 12.8817697538849 24.6312797306265 24.6312797306265 12.8817697538849 24.6312797306265 12.8817697538849 12.8817697538849
2079 13.0524541132424 24.971165936262 13.0524541132424 13.0524541132424 13.0524541132424 13.0524541132424 24.971165936262 24.971165936262 13.0524541132424 24.971165936262 13.0524541132424 13.0524541132424
2080 12.9842234164241 24.8336022258704 12.9842234164241 12.9842234164241 12.9842234164241 12.9842234164241 24.8336022258704 24.8336022258704 12.9842234164241 24.8336022258704 12.9842234164241 12.9842234164241
2081 13.0342837463846 24.93164392059 13.0342837463846 13.0342837463846 13.0342837463846 13.0342837463846 24.93164392059 24.93164392059 13.0342837463846 24.93164392059 13.0342837463846 13.0342837463846
2082 13.031489485213 24.9236818004236 13.031489485213 13.031489485213 13.031489485213 13.031489485213 24.9236818004236 24.9236818004236 13.031489485213 24.9236818004236 13.031489485213 13.031489485213
2083 12.8429147506319 24.5442643712082 12.8429147506319 12.8429147506319 12.8429147506319 12.8429147506319 24.5442643712082 24.5442643712082 12.8429147506319 24.5442643712082 12.8429147506319 12.8429147506319
2084 12.8094600067119 24.4751921822499 12.8094600067119 12.8094600067119 12.8094600067119 12.8094600067119 24.4751921822499 24.4751921822499 12.8094600067119 24.4751921822499 12.8094600067119 12.8094600067119
2085 13.0461956526863 24.9481349216305 13.0461956526863 13.0461956526863 13.0461956526863 13.0461956526863 24.9481349216305 24.9481349216305 13.0461956526863 24.9481349216305 13.0461956526863 13.0461956526863
2086 12.974221225889 24.8028481379152 12.974221225889 12.974221225889 12.974221225889 12.974221225889 24.8028481379152 24.8028481379152 12.974221225889 24.8028481379152 12.974221225889 12.974221225889
2087 13.0725892001321 24.9969577047174 13.0725892001321 13.0725892001321 13.0725892001321 13.0725892001321 24.9969577047174 24.9969577047174 13.0725892001321 24.9969577047174 13.0725892001321 13.0725892001321
2088 12.9904957382764 24.8305956409648 12.9904957382764 12.9904957382764 12.9904957382764 12.9904957382764 24.8305956409648 24.8305956409648 12.9904957382764 24.8305956409648 12.9904957382764 12.9904957382764
2089 13.0236340055003 24.896069270137 13.0236340055003 13.0236340055003 13.0236340055003 13.0236340055003 24.896069270137 24.896069270137 13.0236340055003 24.896069270137 13.0236340055003 13.0236340055003
2090 13.055190789122 24.957986328449 13.055190789122 13.055190789122 13.055190789122 13.055190789122 24.957986328449 24.957986328449 13.055190789122 24.957986328449 13.055190789122 13.055190789122
2091 12.9312026615828 24.7078491564459 12.9312026615828 12.9312026615828 12.9312026615828 12.9312026615828 24.7078491564459 24.7078491564459 12.9312026615828 24.7078491564459 12.9312026615828 12.9312026615828
2092 13.0472634607358 24.9378567042854 13.0472634607358 13.0472634607358 13.0472634607358 13.0472634607358 24.9378567042854 24.9378567042854 13.0472634607358 24.9378567042854 13.0472634607358 13.0472634607358
2093 12.9463696492717 24.7340772792764 12.9463696492717 12.9463696492717 12.9463696492717 12.9463696492717 24.7340772792764 24.7340772792764 12.9463696492717 24.7340772792764 12.9463696492717 12.9463696492717
2094 12.9513722407589 24.7415063239787 12.9513722407589 12.9513722407589 12.9513722407589 12.9513722407589 24.7415063239787 24.7415063239787 12.9513722407589 24.7415063239787 12.9513722407589 12.9513722407589
2095 12.936444361245 24.7108416682162 12.936444361245 12.936444361245 12.936444361245 12.936444361245 24.7108416682162 24.7108416682162 12.936444361245 24.7108416682162 12.936444361245 12.936444361245
2096 12.9214965489206 24.6787155383345 12.9214965489206 12.9214965489206 12.9214965489206 12.9214965489206 24.6787155383345 24.6787155383345 12.9214965489206 24.6787155383345 12.9214965489206 12.9214965489206
2097 12.9972316766623 24.8283316799989 12.9972316766623 12.9972316766623 12.9972316766623 12.9972316766623 24.8283316799989 24.8283316799989 12.9972316766623 24.8283316799989 12.9972316766623 12.9972316766623
2098 12.9716280858645 24.775409358977 12.9716280858645 12.9716280858645 12.9716280858645 12.9716280858645 24.775409358977 24.775409358977 12.9716280858645 24.775409358977 12.9716280858645 12.9716280858645
2099 12.967391813178 24.7655697968751 12.967391813178 12.967391813178 12.967391813178 12.967391813178 24.7655697968751 24.7655697968751 12.967391813178 24.7655697968751 12.967391813178 12.967391813178
2100 13.0022544893991 24.8339431923302 13.0022544893991 13.0022544893991 13.0022544893991 13.0022544893991 24.8339431923302 24.8339431923302 13.0022544893991 24.8339431923302 13.0022544893991 13.0022544893991
