Bigeye Mahi BlueShark Skipjack Yellowfin Albacore StripedMarlin Wahoo Swordfish BlueMarlin Lancetfish Opah
1950 11.391378732899 23.1596414327785 11.391378732899 11.391378732899 11.391378732899 11.391378732899 23.1596414327785 23.1596414327785 11.391378732899 23.1596414327785 11.391378732899 11.391378732899
1951 11.5994345719721 23.5768578496695 11.5994345719721 11.5994345719721 11.5994345719721 11.5994345719721 23.5768578496695 23.5768578496695 11.5994345719721 23.5768578496695 11.5994345719721 11.5994345719721
1952 11.5983408439609 23.5746982734795 11.5983408439609 11.5983408439609 11.5983408439609 11.5983408439609 23.5746982734795 23.5746982734795 11.5983408439609 23.5746982734795 11.5983408439609 11.5983408439609
1953 11.4814016722004 23.3423619892917 11.4814016722004 11.4814016722004 11.4814016722004 11.4814016722004 23.3423619892917 23.3423619892917 11.4814016722004 23.3423619892917 11.4814016722004 11.4814016722004
1954 11.4281222789346 23.2373334911282 11.4281222789346 11.4281222789346 11.4281222789346 11.4281222789346 23.2373334911282 23.2373334911282 11.4281222789346 23.2373334911282 11.4281222789346 11.4281222789346
1955 11.6132177141032 23.6081001243582 11.6132177141032 11.6132177141032 11.6132177141032 11.6132177141032 23.6081001243582 23.6081001243582 11.6132177141032 23.6081001243582 11.6132177141032 11.6132177141032
1956 11.4703153589742 23.3229256029321 11.4703153589742 11.4703153589742 11.4703153589742 11.4703153589742 23.3229256029321 23.3229256029321 11.4703153589742 23.3229256029321 11.4703153589742 11.4703153589742
1957 11.5688172389106 23.5209222001807 11.5688172389106 11.5688172389106 11.5688172389106 11.5688172389106 23.5209222001807 23.5209222001807 11.5688172389106 23.5209222001807 11.5688172389106 11.5688172389106
1958 11.3434083612653 23.0706376309245 11.3434083612653 11.3434083612653 11.3434083612653 11.3434083612653 23.0706376309245 23.0706376309245 11.3434083612653 23.0706376309245 11.3434083612653 11.3434083612653
1959 11.2976600145054 22.9796809059565 11.2976600145054 11.2976600145054 11.2976600145054 11.2976600145054 22.9796809059565 22.9796809059565 11.2976600145054 22.9796809059565 11.2976600145054 11.2976600145054
1960 11.4441601907338 23.2739251301325 11.4441601907338 11.4441601907338 11.4441601907338 11.4441601907338 23.2739251301325 23.2739251301325 11.4441601907338 23.2739251301325 11.4441601907338 11.4441601907338
1961 11.5489284347322 23.4833522792711 11.5489284347322 11.5489284347322 11.5489284347322 11.5489284347322 23.4833522792711 23.4833522792711 11.5489284347322 23.4833522792711 11.5489284347322 11.5489284347322
1962 11.5499496310666 23.4851660704393 11.5499496310666 11.5499496310666 11.5499496310666 11.5499496310666 23.4851660704393 23.4851660704393 11.5499496310666 23.4851660704393 11.5499496310666 11.5499496310666
1963 11.5079880868261 23.4022519511035 11.5079880868261 11.5079880868261 11.5079880868261 11.5079880868261 23.4022519511035 23.4022519511035 11.5079880868261 23.4022519511035 11.5079880868261 11.5079880868261
1964 11.5398465887249 23.4679283999727 11.5398465887249 11.5398465887249 11.5398465887249 11.5398465887249 23.4679283999727 23.4679283999727 11.5398465887249 23.4679283999727 11.5398465887249 11.5398465887249
1965 11.4628414936635 23.313937430793 11.4628414936635 11.4628414936635 11.4628414936635 11.4628414936635 23.313937430793 23.313937430793 11.4628414936635 23.313937430793 11.4628414936635 11.4628414936635
1966 11.4986673632112 23.3857818939408 11.4986673632112 11.4986673632112 11.4986673632112 11.4986673632112 23.3857818939408 23.3857818939408 11.4986673632112 23.3857818939408 11.4986673632112 11.4986673632112
1967 11.4164825538706 23.2218391785589 11.4164825538706 11.4164825538706 11.4164825538706 11.4164825538706 23.2218391785589 23.2218391785589 11.4164825538706 23.2218391785589 11.4164825538706 11.4164825538706
1968 11.4649927742848 23.3190680302529 11.4649927742848 11.4649927742848 11.4649927742848 11.4649927742848 23.3190680302529 23.3190680302529 11.4649927742848 23.3190680302529 11.4649927742848 11.4649927742848
1969 11.3294232693032 23.047948988977 11.3294232693032 11.3294232693032 11.3294232693032 11.3294232693032 23.047948988977 23.047948988977 11.3294232693032 23.047948988977 11.3294232693032 11.3294232693032
1970 11.3704249922694 23.1308214062175 11.3704249922694 11.3704249922694 11.3704249922694 11.3704249922694 23.1308214062175 23.1308214062175 11.3704249922694 23.1308214062175 11.3704249922694 11.3704249922694
1971 11.3333305968268 23.0576885595686 11.3333305968268 11.3333305968268 11.3333305968268 11.3333305968268 23.0576885595686 23.0576885595686 11.3333305968268 23.0576885595686 11.3333305968268 11.3333305968268
1972 11.501977940639 23.3954840702687 11.501977940639 11.501977940639 11.501977940639 11.501977940639 23.3954840702687 23.3954840702687 11.501977940639 23.3954840702687 11.501977940639 11.501977940639
1973 11.3589831728499 23.1094899745568 11.3589831728499 11.3589831728499 11.3589831728499 11.3589831728499 23.1094899745568 23.1094899745568 11.3589831728499 23.1094899745568 11.3589831728499 11.3589831728499
1974 11.2704878255143 22.9325896004871 11.2704878255143 11.2704878255143 11.2704878255143 11.2704878255143 22.9325896004871 22.9325896004871 11.2704878255143 22.9325896004871 11.2704878255143 11.2704878255143
1975 11.4761347210592 23.3441379781072 11.4761347210592 11.4761347210592 11.4761347210592 11.4761347210592 23.3441379781072 23.3441379781072 11.4761347210592 23.3441379781072 11.4761347210592 11.4761347210592
1976 11.4836351610396 23.358517797616 11.4836351610396 11.4836351610396 11.4836351610396 11.4836351610396 23.358517797616 23.358517797616 11.4836351610396 23.358517797616 11.4836351610396 11.4836351610396
1977 11.4618197343403 23.3152013312288 11.4618197343403 11.4618197343403 11.4618197343403 11.4618197343403 23.3152013312288 23.3152013312288 11.4618197343403 23.3152013312288 11.4618197343403 11.4618197343403
1978 11.4806631023234 23.3537096686069 11.4806631023234 11.4806631023234 11.4806631023234 11.4806631023234 23.3537096686069 23.3537096686069 11.4806631023234 23.3537096686069 11.4806631023234 11.4806631023234
1979 11.6082084211096 23.6087707154264 11.6082084211096 11.6082084211096 11.6082084211096 11.6082084211096 23.6087707154264 23.6087707154264 11.6082084211096 23.6087707154264 11.6082084211096 11.6082084211096
1980 11.6929566554869 23.7777986398259 11.6929566554869 11.6929566554869 11.6929566554869 11.6929566554869 23.7777986398259 23.7777986398259 11.6929566554869 23.7777986398259 11.6929566554869 11.6929566554869
1981 11.5112610260733 23.4147782828471 11.5112610260733 11.5112610260733 11.5112610260733 11.5112610260733 23.4147782828471 23.4147782828471 11.5112610260733 23.4147782828471 11.5112610260733 11.5112610260733
1982 11.2105218589418 22.8131105308561 11.2105218589418 11.2105218589418 11.2105218589418 11.2105218589418 22.8131105308561 22.8131105308561 11.2105218589418 22.8131105308561 11.2105218589418 11.2105218589418
1983 11.3611458312176 23.1141504768357 11.3611458312176 11.3611458312176 11.3611458312176 11.3611458312176 23.1141504768357 23.1141504768357 11.3611458312176 23.1141504768357 11.3611458312176 11.3611458312176
1984 11.2694829397815 22.929939120744 11.2694829397815 11.2694829397815 11.2694829397815 11.2694829397815 22.929939120744 22.929939120744 11.2694829397815 22.929939120744 11.2694829397815 11.2694829397815
1985 11.2787882715678 22.9476555187254 11.2787882715678 11.2787882715678 11.2787882715678 11.2787882715678 22.9476555187254 22.9476555187254 11.2787882715678 22.9476555187254 11.2787882715678 11.2787882715678
1986 11.5151509860231 23.4211652345885 11.5151509860231 11.5151509860231 11.5151509860231 11.5151509860231 23.4211652345885 23.4211652345885 11.5151509860231 23.4211652345885 11.5151509860231 11.5151509860231
1987 11.6455913174001 23.6824765064827 11.6455913174001 11.6455913174001 11.6455913174001 11.6455913174001 23.6824765064827 23.6824765064827 11.6455913174001 23.6824765064827 11.6455913174001 11.6455913174001
1988 11.7151612845558 23.8205520418476 11.7151612845558 11.7151612845558 11.7151612845558 11.7151612845558 23.8205520418476 23.8205520418476 11.7151612845558 23.8205520418476 11.7151612845558 11.7151612845558
1989 11.6367905342376 23.6641383167619 11.6367905342376 11.6367905342376 11.6367905342376 11.6367905342376 23.6641383167619 23.6641383167619 11.6367905342376 23.6641383167619 11.6367905342376 11.6367905342376
1990 11.4849396022346 23.3598673933407 11.4849396022346 11.4849396022346 11.4849396022346 11.4849396022346 23.3598673933407 23.3598673933407 11.4849396022346 23.3598673933407 11.4849396022346 11.4849396022346
1991 11.5605394653787 23.5112146632745 11.5605394653787 11.5605394653787 11.5605394653787 11.5605394653787 23.5112146632745 23.5112146632745 11.5605394653787 23.5112146632745 11.5605394653787 11.5605394653787
1992 11.6051894948036 23.5988798026269 11.6051894948036 11.6051894948036 11.6051894948036 11.6051894948036 23.5988798026269 23.5988798026269 11.6051894948036 23.5988798026269 11.6051894948036 11.6051894948036
1993 11.5737298181554 23.5350010892278 11.5737298181554 11.5737298181554 11.5737298181554 11.5737298181554 23.5350010892278 23.5350010892278 11.5737298181554 23.5350010892278 11.5737298181554 11.5737298181554
1994 11.6310184922137 23.6493157180337 11.6310184922137 11.6310184922137 11.6310184922137 11.6310184922137 23.6493157180337 23.6493157180337 11.6310184922137 23.6493157180337 11.6310184922137 11.6310184922137
1995 11.7242973458227 23.8359311374628 11.7242973458227 11.7242973458227 11.7242973458227 11.7242973458227 23.8359311374628 23.8359311374628 11.7242973458227 23.8359311374628 11.7242973458227 11.7242973458227
1996 11.7757404993205 23.9376628308875 11.7757404993205 11.7757404993205 11.7757404993205 11.7757404993205 23.9376628308875 23.9376628308875 11.7757404993205 23.9376628308875 11.7757404993205 11.7757404993205
1997 11.659302934227 23.7032124570869 11.659302934227 11.659302934227 11.659302934227 11.659302934227 23.7032124570869 23.7032124570869 11.659302934227 23.7032124570869 11.659302934227 11.659302934227
1998 11.5924324808961 23.5701865453711 11.5924324808961 11.5924324808961 11.5924324808961 11.5924324808961 23.5701865453711 23.5701865453711 11.5924324808961 23.5701865453711 11.5924324808961 11.5924324808961
1999 11.6313309337393 23.648385150518 11.6313309337393 11.6313309337393 11.6313309337393 11.6313309337393 23.648385150518 23.648385150518 11.6313309337393 23.648385150518 11.6313309337393 11.6313309337393
2000 11.6263530056409 23.6377870751699 11.6263530056409 11.6263530056409 11.6263530056409 11.6263530056409 23.6377870751699 23.6377870751699 11.6263530056409 23.6377870751699 11.6263530056409 11.6263530056409
2001 11.6650211123931 23.7141134475699 11.6650211123931 11.6650211123931 11.6650211123931 11.6650211123931 23.7141134475699 23.7141134475699 11.6650211123931 23.7141134475699 11.6650211123931 11.6650211123931
2002 11.6755714329072 23.7344541507627 11.6755714329072 11.6755714329072 11.6755714329072 11.6755714329072 23.7344541507627 23.7344541507627 11.6755714329072 23.7344541507627 11.6755714329072 11.6755714329072
2003 11.6866038005411 23.755830588707 11.6866038005411 11.6866038005411 11.6866038005411 11.6866038005411 23.755830588707 23.755830588707 11.6866038005411 23.755830588707 11.6866038005411 11.6866038005411
2004 11.680853544255 23.7439103155969 11.680853544255 11.680853544255 11.680853544255 11.680853544255 23.7439103155969 23.7439103155969 11.680853544255 23.7439103155969 11.680853544255 11.680853544255
2005 11.8843008232772 24.150526171418 11.8843008232772 11.8843008232772 11.8843008232772 11.8843008232772 24.150526171418 24.150526171418 11.8843008232772 24.150526171418 11.8843008232772 11.8843008232772
2006 11.887016869752 24.1552406841892 11.887016869752 11.887016869752 11.887016869752 11.887016869752 24.1552406841892 24.1552406841892 11.887016869752 24.1552406841892 11.887016869752 11.887016869752
2007 11.6304799054236 23.6405520337364 11.6304799054236 11.6304799054236 11.6304799054236 11.6304799054236 23.6405520337364 23.6405520337364 11.6304799054236 23.6405520337364 11.6304799054236 11.6304799054236
2008 11.7330571674961 23.845642015832 11.7330571674961 11.7330571674961 11.7330571674961 11.7330571674961 23.845642015832 23.845642015832 11.7330571674961 23.845642015832 11.7330571674961 11.7330571674961
2009 11.8770936838026 24.133172039516 11.8770936838026 11.8770936838026 11.8770936838026 11.8770936838026 24.133172039516 24.133172039516 11.8770936838026 24.133172039516 11.8770936838026 11.8770936838026
2010 11.7307326232519 23.8393266816584 11.7307326232519 11.7307326232519 11.7307326232519 11.7307326232519 23.8393266816584 23.8393266816584 11.7307326232519 23.8393266816584 11.7307326232519 11.7307326232519
2011 11.7985861276046 23.9740291543017 11.7985861276046 11.7985861276046 11.7985861276046 11.7985861276046 23.9740291543017 23.9740291543017 11.7985861276046 23.9740291543017 11.7985861276046 11.7985861276046
2012 11.9129645573402 24.2024482296585 11.9129645573402 11.9129645573402 11.9129645573402 11.9129645573402 24.2024482296585 24.2024482296585 11.9129645573402 24.2024482296585 11.9129645573402 11.9129645573402
2013 11.8980172640248 24.1716272702317 11.8980172640248 11.8980172640248 11.8980172640248 11.8980172640248 24.1716272702317 24.1716272702317 11.8980172640248 24.1716272702317 11.8980172640248 11.8980172640248
2014 11.8134406833 24.0016321629391 11.8134406833 11.8134406833 11.8134406833 11.8134406833 24.0016321629391 24.0016321629391 11.8134406833 24.0016321629391 11.8134406833 11.8134406833
