Bigeye Mahi BlueShark Skipjack Yellowfin Albacore StripedMarlin Wahoo Swordfish BlueMarlin Lancetfish Opah
2015 11.7496239989533 23.8732513747731 11.7496239989533 11.7496239989533 11.7496239989533 11.7496239989533 23.8732513747731 23.8732513747731 11.7496239989533 23.8732513747731 11.7496239989533 11.7496239989533
2016 11.817763053982 24.0087599879111 11.817763053982 11.817763053982 11.817763053982 11.817763053982 24.0087599879111 24.0087599879111 11.817763053982 24.0087599879111 11.817763053982 11.817763053982
2017 11.9855258797493 24.3431217300115 11.9855258797493 11.9855258797493 11.9855258797493 11.9855258797493 24.3431217300115 24.3431217300115 11.9855258797493 24.3431217300115 11.9855258797493 11.9855258797493
2018 12.0293588105872 24.4304101967104 12.0293588105872 12.0293588105872 12.0293588105872 12.0293588105872 24.4304101967104 24.4304101967104 12.0293588105872 24.4304101967104 12.0293588105872 12.0293588105872
2019 11.9009431551045 24.1732356575757 11.9009431551045 11.9009431551045 11.9009431551045 11.9009431551045 24.1732356575757 24.1732356575757 11.9009431551045 24.1732356575757 11.9009431551045 11.9009431551045
2020 11.9939657837384 24.3589463566326 11.9939657837384 11.9939657837384 11.9939657837384 11.9939657837384 24.3589463566326 24.3589463566326 11.9939657837384 24.3589463566326 11.9939657837384 11.9939657837384
2021 12.0189524237592 24.4076305079899 12.0189524237592 12.0189524237592 12.0189524237592 12.0189524237592 24.4076305079899 24.4076305079899 12.0189524237592 24.4076305079899 12.0189524237592 12.0189524237592
2022 11.9018528350219 24.1725341993494 11.9018528350219 11.9018528350219 11.9018528350219 11.9018528350219 24.1725341993494 24.1725341993494 11.9018528350219 24.1725341993494 11.9018528350219 11.9018528350219
2023 12.1303876612088 24.6290764708555 12.1303876612088 12.1303876612088 12.1303876612088 12.1303876612088 24.6290764708555 24.6290764708555 12.1303876612088 24.6290764708555 12.1303876612088 12.1303876612088
2024 12.0381229697678 24.4440802970649 12.0381229697678 12.0381229697678 12.0381229697678 12.0381229697678 24.4440802970649 24.4440802970649 12.0381229697678 24.4440802970649 12.0381229697678 12.0381229697678
2025 11.9317381654165 24.2299773015354 11.9317381654165 11.9317381654165 11.9317381654165 11.9317381654165 24.2299773015354 24.2299773015354 11.9317381654165 24.2299773015354 11.9317381654165 11.9317381654165
2026 11.7697359623089 23.9049308579226 11.7697359623089 11.7697359623089 11.7697359623089 11.7697359623089 23.9049308579226 23.9049308579226 11.7697359623089 23.9049308579226 11.7697359623089 11.7697359623089
2027 11.8552586552992 24.0757919810415 11.8552586552992 11.8552586552992 11.8552586552992 11.8552586552992 24.0757919810415 24.0757919810415 11.8552586552992 24.0757919810415 11.8552586552992 11.8552586552992
2028 12.000993260215 24.3663544585292 12.000993260215 12.000993260215 12.000993260215 12.000993260215 24.3663544585292 24.3663544585292 12.000993260215 24.3663544585292 12.000993260215 12.000993260215
2029 12.0105899768556 24.3840246192222 12.0105899768556 12.0105899768556 12.0105899768556 12.0105899768556 24.3840246192222 24.3840246192222 12.0105899768556 24.3840246192222 12.0105899768556 12.0105899768556
2030 12.0008701765943 24.3648571830439 12.0008701765943 12.0008701765943 12.0008701765943 12.0008701765943 24.3648571830439 24.3648571830439 12.0008701765943 24.3648571830439 12.0008701765943 12.0008701765943
2031 12.0354403452904 24.433139261104 12.0354403452904 12.0354403452904 12.0354403452904 12.0354403452904 24.433139261104 24.433139261104 12.0354403452904 24.433139261104 12.0354403452904 12.0354403452904
2032 12.1194132810102 24.6005718739094 12.1194132810102 12.1194132810102 12.1194132810102 12.1194132810102 24.6005718739094 24.6005718739094 12.1194132810102 24.6005718739094 12.1194132810102 12.1194132810102
2033 12.175460833571 24.7121223995828 12.175460833571 12.175460833571 12.175460833571 12.175460833571 24.7121223995828 24.7121223995828 12.175460833571 24.7121223995828 12.175460833571 12.175460833571
2034 12.1443252664888 24.6489373209378 12.1443252664888 12.1443252664888 12.1443252664888 12.1443252664888 24.6489373209378 24.6489373209378 12.1443252664888 24.6489373209378 12.1443252664888 12.1443252664888
2035 12.0651419787813 24.4893880377493 12.0651419787813 12.0651419787813 12.0651419787813 12.0651419787813 24.4893880377493 24.4893880377493 12.0651419787813 24.4893880377493 12.0651419787813 12.0651419787813
2036 11.9436306653961 24.245555574596 11.9436306653961 11.9436306653961 11.9436306653961 11.9436306653961 24.245555574596 24.245555574596 11.9436306653961 24.245555574596 11.9436306653961 11.9436306653961
2037 12.1288298946622 24.6150553138117 12.1288298946622 12.1288298946622 12.1288298946622 12.1288298946622 24.6150553138117 24.6150553138117 12.1288298946622 24.6150553138117 12.1288298946622 12.1288298946622
2038 12.1172794805254 24.5910618002269 12.1172794805254 12.1172794805254 12.1172794805254 12.1172794805254 24.5910618002269 24.5910618002269 12.1172794805254 24.5910618002269 12.1172794805254 12.1172794805254
2039 11.9487367197632 24.2533419300758 11.9487367197632 11.9487367197632 11.9487367197632 11.9487367197632 24.2533419300758 24.2533419300758 11.9487367197632 24.2533419300758 11.9487367197632 11.9487367197632
2040 11.920029215741 24.1947101896544 11.920029215741 11.920029215741 11.920029215741 11.920029215741 24.1947101896544 24.1947101896544 11.920029215741 24.1947101896544 11.920029215741 11.920029215741
2041 12.1139586822424 24.5819108954948 12.1139586822424 12.1139586822424 12.1139586822424 12.1139586822424 24.5819108954948 24.5819108954948 12.1139586822424 24.5819108954948 12.1139586822424 12.1139586822424
2042 12.0991698177218 24.5512559414089 12.0991698177218 12.0991698177218 12.0991698177218 12.0991698177218 24.5512559414089 24.5512559414089 12.0991698177218 24.5512559414089 12.0991698177218 12.0991698177218
2043 12.1643279787488 24.6807369309785 12.1643279787488 12.1643279787488 12.1643279787488 12.1643279787488 24.6807369309785 24.6807369309785 12.1643279787488 24.6807369309785 12.1643279787488 12.1643279787488
2044 12.1836306949815 24.7195086331209 12.1836306949815 12.1836306949815 12.1836306949815 12.1836306949815 24.7195086331209 24.7195086331209 12.1836306949815 24.7195086331209 12.1836306949815 12.1836306949815
2045 12.154200051042 24.6596382315875 12.154200051042 12.154200051042 12.154200051042 12.154200051042 24.6596382315875 24.6596382315875 12.154200051042 24.6596382315875 12.154200051042 12.154200051042
2046 12.1401638354747 24.6309436499557 12.1401638354747 12.1401638354747 12.1401638354747 12.1401638354747 24.6309436499557 24.6309436499557 12.1401638354747 24.6309436499557 12.1401638354747 12.1401638354747
2047 12.3582457667286 25.0670585509491 12.3582457667286 12.3582457667286 12.3582457667286 12.3582457667286 25.0670585509491 25.0670585509491 12.3582457667286 25.0670585509491 12.3582457667286 12.3582457667286
2048 12.2632169602434 24.8752736543366 12.2632169602434 12.2632169602434 12.2632169602434 12.2632169602434 24.8752736543366 24.8752736543366 12.2632169602434 24.8752736543366 12.2632169602434 12.2632169602434
2049 12.2639977386643 24.876188228132 12.2639977386643 12.2639977386643 12.2639977386643 12.2639977386643 24.876188228132 24.876188228132 12.2639977386643 24.876188228132 12.2639977386643 12.2639977386643
2050 12.5317441743341 25.411402129285 12.5317441743341 12.5317441743341 12.5317441743341 12.5317441743341 25.411402129285 25.411402129285 12.5317441743341 25.411402129285 12.5317441743341 12.5317441743341
2051 12.2276840675371 24.802112331561 12.2276840675371 12.2276840675371 12.2276840675371 12.2276840675371 24.802112331561 24.802112331561 12.2276840675371 24.802112331561 12.2276840675371 12.2276840675371
2052 12.1367346379773 24.6190460551716 12.1367346379773 12.1367346379773 12.1367346379773 12.1367346379773 24.6190460551716 24.6190460551716 12.1367346379773 24.6190460551716 12.1367346379773 12.1367346379773
2053 12.2088861693356 24.7629862801138 12.2088861693356 12.2088861693356 12.2088861693356 12.2088861693356 24.7629862801138 24.7629862801138 12.2088861693356 24.7629862801138 12.2088861693356 12.2088861693356
2054 12.0624310209643 24.4694150970537 12.0624310209643 12.0624310209643 12.0624310209643 12.0624310209643 24.4694150970537 24.4694150970537 12.0624310209643 24.4694150970537 12.0624310209643 12.0624310209643
2055 12.2877080830077 24.9184640269449 12.2877080830077 12.2877080830077 12.2877080830077 12.2877080830077 24.9184640269449 24.9184640269449 12.2877080830077 24.9184640269449 12.2877080830077 12.2877080830077
2056 12.3335304470481 25.0096967698829 12.3335304470481 12.3335304470481 12.3335304470481 12.3335304470481 25.0096967698829 25.0096967698829 12.3335304470481 25.0096967698829 12.3335304470481 12.3335304470481
2057 12.2011717420076 24.7442403572976 12.2011717420076 12.2011717420076 12.2011717420076 12.2011717420076 24.7442403572976 24.7442403572976 12.2011717420076 24.7442403572976 12.2011717420076 12.2011717420076
2058 12.2785653638829 24.8985433966274 12.2785653638829 12.2785653638829 12.2785653638829 12.2785653638829 24.8985433966274 24.8985433966274 12.2785653638829 24.8985433966274 12.2785653638829 12.2785653638829
2059 12.1446396447464 24.6293574466049 12.1446396447464 12.1446396447464 12.1446396447464 12.1446396447464 24.6293574466049 24.6293574466049 12.1446396447464 24.6293574466049 12.1446396447464 12.1446396447464
2060 12.1089912757663 24.5571377770855 12.1089912757663 12.1089912757663 12.1089912757663 12.1089912757663 24.5571377770855 24.5571377770855 12.1089912757663 24.5571377770855 12.1089912757663 12.1089912757663
2061 12.2902441066621 24.9191820483726 12.2902441066621 12.2902441066621 12.2902441066621 12.2902441066621 24.9191820483726 24.9191820483726 12.2902441066621 24.9191820483726 12.2902441066621 12.2902441066621
2062 12.3393829903679 25.0163931710463 12.3393829903679 12.3393829903679 12.3393829903679 12.3393829903679 25.0163931710463 25.0163931710463 12.3393829903679 25.0163931710463 12.3393829903679 12.3393829903679
2063 12.2912817196086 24.9192357495168 12.2912817196086 12.2912817196086 12.2912817196086 12.2912817196086 24.9192357495168 24.9192357495168 12.2912817196086 24.9192357495168 12.2912817196086 12.2912817196086
2064 12.3273536514184 24.9908055511758 12.3273536514184 12.3273536514184 12.3273536514184 12.3273536514184 24.9908055511758 24.9908055511758 12.3273536514184 24.9908055511758 12.3273536514184 12.3273536514184
2065 12.3813787859848 25.0983455187547 12.3813787859848 12.3813787859848 12.3813787859848 12.3813787859848 25.0983455187547 25.0983455187547 12.3813787859848 25.0983455187547 12.3813787859848 12.3813787859848
2066 12.3113457140971 24.9574287262503 12.3113457140971 12.3113457140971 12.3113457140971 12.3113457140971 24.9574287262503 24.9574287262503 12.3113457140971 24.9574287262503 12.3113457140971 12.3113457140971
2067 12.3388577400797 25.0114925834346 12.3388577400797 12.3388577400797 12.3388577400797 12.3388577400797 25.0114925834346 25.0114925834346 12.3388577400797 25.0114925834346 12.3388577400797 12.3388577400797
2068 12.3070087259292 24.9470569996651 12.3070087259292 12.3070087259292 12.3070087259292 12.3070087259292 24.9470569996651 24.9470569996651 12.3070087259292 24.9470569996651 12.3070087259292 12.3070087259292
2069 12.4386535783924 25.2090003197631 12.4386535783924 12.4386535783924 12.4386535783924 12.4386535783924 25.2090003197631 25.2090003197631 12.4386535783924 25.2090003197631 12.4386535783924 12.4386535783924
2070 12.289465625759 24.9097218862196 12.289465625759 12.289465625759 12.289465625759 12.289465625759 24.9097218862196 24.9097218862196 12.289465625759 24.9097218862196 12.289465625759 12.289465625759
2071 12.1329400002128 24.5960886147406 12.1329400002128 12.1329400002128 12.1329400002128 12.1329400002128 24.5960886147406 24.5960886147406 12.1329400002128 24.5960886147406 12.1329400002128 12.1329400002128
2072 12.1340479506296 24.5975735247715 12.1340479506296 12.1340479506296 12.1340479506296 12.1340479506296 24.5975735247715 24.5975735247715 12.1340479506296 24.5975735247715 12.1340479506296 12.1340479506296
2073 12.2846082814471 24.8985301938635 12.2846082814471 12.2846082814471 12.2846082814471 12.2846082814471 24.8985301938635 24.8985301938635 12.2846082814471 24.8985301938635 12.2846082814471 12.2846082814471
2074 12.3927838334434 25.1134525236866 12.3927838334434 12.3927838334434 12.3927838334434 12.3927838334434 25.1134525236866 25.1134525236866 12.3927838334434 25.1134525236866 12.3927838334434 12.3927838334434
2075 12.2961192767494 24.918720054889 12.2961192767494 12.2961192767494 12.2961192767494 12.2961192767494 24.918720054889 24.918720054889 12.2961192767494 24.918720054889 12.2961192767494 12.2961192767494
2076 12.3804769569794 25.0869283306398 12.3804769569794 12.3804769569794 12.3804769569794 12.3804769569794 25.0869283306398 25.0869283306398 12.3804769569794 25.0869283306398 12.3804769569794 12.3804769569794
2077 12.2443497319827 24.81413217036 12.2443497319827 12.2443497319827 12.2443497319827 12.2443497319827 24.81413217036 24.81413217036 12.2443497319827 24.81413217036 12.2443497319827 12.2443497319827
2078 12.116093031971 24.5576449995099 12.116093031971 12.116093031971 12.116093031971 12.116093031971 24.5576449995099 24.5576449995099 12.116093031971 24.5576449995099 12.116093031971 12.116093031971
2079 12.3451386490708 25.0149004531775 12.3451386490708 12.3451386490708 12.3451386490708 12.3451386490708 25.0149004531775 25.0149004531775 12.3451386490708 25.0149004531775 12.3451386490708 12.3451386490708
2080 12.4372961490586 25.1979748768197 12.4372961490586 12.4372961490586 12.4372961490586 12.4372961490586 25.1979748768197 25.1979748768197 12.4372961490586 25.1979748768197 12.4372961490586 12.4372961490586
2081 12.3418807354731 25.0054575579764 12.3418807354731 12.3418807354731 12.3418807354731 12.3418807354731 25.0054575579764 25.0054575579764 12.3418807354731 25.0054575579764 12.3418807354731 12.3418807354731
2082 12.4151430800887 25.1514441388702 12.4151430800887 12.4151430800887 12.4151430800887 12.4151430800887 25.1514441388702 25.1514441388702 12.4151430800887 25.1514441388702 12.4151430800887 12.4151430800887
2083 12.369091516608 25.0583163070587 12.369091516608 12.369091516608 12.369091516608 12.369091516608 25.0583163070587 25.0583163070587 12.369091516608 25.0583163070587 12.369091516608 12.369091516608
2084 12.3364214153805 24.9918746148233 12.3364214153805 12.3364214153805 12.3364214153805 12.3364214153805 24.9918746148233 24.9918746148233 12.3364214153805 24.9918746148233 12.3364214153805 12.3364214153805
2085 12.258462412481 24.8353239842921 12.258462412481 12.258462412481 12.258462412481 12.258462412481 24.8353239842921 24.8353239842921 12.258462412481 24.8353239842921 12.258462412481 12.258462412481
2086 12.2311913281786 24.7801685941714 12.2311913281786 12.2311913281786 12.2311913281786 12.2311913281786 24.7801685941714 24.7801685941714 12.2311913281786 24.7801685941714 12.2311913281786 12.2311913281786
2087 12.3105766244254 24.9381308110715 12.3105766244254 12.3105766244254 12.3105766244254 12.3105766244254 24.9381308110715 24.9381308110715 12.3105766244254 24.9381308110715 12.3105766244254 12.3105766244254
2088 12.1425330536828 24.6009060456506 12.1425330536828 12.1425330536828 12.1425330536828 12.1425330536828 24.6009060456506 24.6009060456506 12.1425330536828 24.6009060456506 12.1425330536828 12.1425330536828
2089 12.2582521853343 24.8312718433275 12.2582521853343 12.2582521853343 12.2582521853343 12.2582521853343 24.8312718433275 24.8312718433275 12.2582521853343 24.8312718433275 12.2582521853343 12.2582521853343
2090 12.169943841102 24.6539958768559 12.169943841102 12.169943841102 12.169943841102 12.169943841102 24.6539958768559 24.6539958768559 12.169943841102 24.6539958768559 12.169943841102 12.169943841102
2091 12.164709061467 24.6425436516984 12.164709061467 12.164709061467 12.164709061467 12.164709061467 24.6425436516984 24.6425436516984 12.164709061467 24.6425436516984 12.164709061467 12.164709061467
2092 12.2522837797627 24.8171820241002 12.2522837797627 12.2522837797627 12.2522837797627 12.2522837797627 24.8171820241002 24.8171820241002 12.2522837797627 24.8171820241002 12.2522837797627 12.2522837797627
2093 12.401043831471 25.1139887931978 12.401043831471 12.401043831471 12.401043831471 12.401043831471 25.1139887931978 25.1139887931978 12.401043831471 25.1139887931978 12.401043831471 12.401043831471
2094 12.2702586598288 24.8513260044527 12.2702586598288 12.2702586598288 12.2702586598288 12.2702586598288 24.8513260044527 24.8513260044527 12.2702586598288 24.8513260044527 12.2702586598288 12.2702586598288
2095 12.2827240875457 24.8754902702824 12.2827240875457 12.2827240875457 12.2827240875457 12.2827240875457 24.8754902702824 24.8754902702824 12.2827240875457 24.8754902702824 12.2827240875457 12.2827240875457
2096 12.033070136467 24.3750021126678 12.033070136467 12.033070136467 12.033070136467 12.033070136467 24.3750021126678 24.3750021126678 12.033070136467 24.3750021126678 12.033070136467 12.033070136467
2097 12.1665861116397 24.6414106966851 12.1665861116397 12.1665861116397 12.1665861116397 12.1665861116397 24.6414106966851 24.6414106966851 12.1665861116397 24.6414106966851 12.1665861116397 12.1665861116397
2098 12.5852368028666 25.4779026626415 12.5852368028666 12.5852368028666 12.5852368028666 12.5852368028666 25.4779026626415 25.4779026626415 12.5852368028666 25.4779026626415 12.5852368028666 12.5852368028666
2099 12.5355306106357 25.3770404226759 12.5355306106357 12.5355306106357 12.5355306106357 12.5355306106357 25.3770404226759 25.3770404226759 12.5355306106357 25.3770404226759 12.5355306106357 12.5355306106357
2100 12.340592020285 24.9859788503716 12.340592020285 12.340592020285 12.340592020285 12.340592020285 24.9859788503716 24.9859788503716 12.340592020285 24.9859788503716 12.340592020285 12.340592020285
